124000060204
124CC0040901
124CC0119004
840010030010
840010270001
840010491003
840010499991
840010550010
840010730023
840010731005
840010731010
840010732003
840010736002
840010890014
840010890022
840010970003
840010972005
840011011002
840011030011
840011170004
840011250011
840020200018
840020200045
840020680003
840020900034
840020900035
840021700010
840040030011
840040031005
840040038001
840040051011
840040058001
840040059999
840040070008
840040070010
840040070011
840040070012
840040070013
840040071001
840040078000
840040130019
840040131003
840040131004
840040131010
840040131030
840040132001
840040132005
840040133002
840040133003
840040134003
840040134004
840040134005
840040134006
840040134008
840040134009
840040134010
840040134011
840040134016
840040134020
840040134021
840040137003
840040137021
840040137022
840040137024
840040139704
840040139812
840040151003
840040190008
840040190011
840040190020
840040190021
840040191001
840040191011
840040191018
840040191020
840040191028
840040191030
840040191032
840040191034
840040191036
840040191113
840040213001
840040213002
840040213007
840040213009
840040213011
840040213014
840040213016
840040217001
840040217004
840040230004
840040258034
840040278011
840050199991
840050350005
840051010002
840051130003
840051190007
840051191002
840051430005
840051430006
840060010009
840060010011
840060010012
840060010013
840060010015
840060010016
840060012001
840060050002
840060070008
840060072003
840060074001
840060090001
840060111002
840060130002
840060130006
840060131002
840060131004
840060150007
840060170011
840060170020
840060172004
840060190007
840060190011
840060190242
840060192008
840060192009
840060192016
840060194001
840060195001
840060199999
840060231004
840060250007
840060251003
840060254003
840060254004
840060270002
840060270022
840060270023
840060270025
840060270026
840060270028
840060270029
840060270030
840060270031
840060270101
840060271001
840060271003
840060271028
840060271033
840060290007
840060290008
840060290010
840060290018
840060290232
840060292009
840060292012
840060292019
840060295002
840060296001
840060299999
840060310004
840060311004
840060370016
840060371103
840060371201
840060371302
840060371602
840060372005
840060374009
840060374010
840060376012
840060379035
840060390004
840060392010
840060410001
840060430003
840060430006
840060450006
840060450011
840060452003
840060472024
840060472510
840060510001
840060510005
840060570005
840060571001
840060590007
840060590008
840060595001
840060610003
840060610004
840060610006
840060611004
840060612003
840060631006
840060631007
840060631010
840060650009
840060650010
840060650012
840060650016
840060652005
840060652007
840060655001
840060658001
840060658005
840060659001
840060659003
840060670006
840060670010
840060670011
840060670012
840060670015
840060675003
840060690002
840060690003
840060710005
840060710013
840060710026
840060710027
840060710306
840060712002
840060714001
840060714003
840060718001
840060719002
840060719004
840060731008
840060731016
840060731017
840060731022
840060731026
840060732097
840060750005
840060772010
840060773005
840060790005
840060792004
840060792007
840060792020
840060794002
840060798002
840060798005
840060798006
840060799001
840060811001
840060830011
840060831013
840060831014
840060831025
840060832011
840060839001
840060850002
840060850005
840060850006
840060851001
840060852006
840060870007
840060871005
840060890004
840060890009
840060893003
840060950004
840060950005
840060950007
840060959999
840060990005
840060990006
840061010003
840061010004
840061030004
840061030007
840061050002
840061070009
840061072003
840061072010
840061079998
840061090005
840061110007
840061110009
840061111004
840061112002
840061130004
840061131003
840080010010
840080013001
840080030001
840080050002
840080050005
840080050006
840080070001
840080077004
840080130003
840080130014
840080290004
840080310002
840080310013
840080310026
840080310028
840080350004
840080410013
840080410016
840080450012
840080470003
840080519991
840080590006
840080590011
840080590014
840080677001
840080677003
840080690007
840080690009
840080690015
840080690016
840080690017
840080691004
840080770017
840080770020
840080830006
840080830101
840080838001
840080970007
840080970008
840080990002
840081010015
840081010016
840081070003
840081130004
840081230006
840081230008
840081230009
840081230015
840090010010
840090010017
840090011123
840090013007
840090019003
840090030025
840090031003
840090050005
840090079007
840090090027
840090092123
840090099002
840090110124
840090131001
840090159991
840100010002
840100010003
840100031003
840100031007
840100031010
840100031012
840100031013
840100032004
840100051002
840100051003
840110010041
840110010043
840110010050
840110010051
840110010053
840120013012
840120030002
840120050006
840120090007
840120094001
840120110033
840120110034
840120110035
840120112003
840120115005
840120118002
840120170006
840120210004
840120230002
840120310032
840120310077
840120310098
840120310099
840120310100
840120310106
840120330018
840120350004
840120470017
840120550003
840120570081
840120570083
840120570109
840120570113
840120571035
840120571065
840120573002
840120590004
840120619991
840120690002
840120710005
840120712002
840120730012
840120779991
840120810028
840120813002
840120814012
840120814013
840120830003
840120830004
840120850007
840120860019
840120860027
840120860029
840120860034
840120860035
840120861016
840120866002
840120890005
840120950009
840120950010
840120950011
840120952002
840120972002
840120990008
840120990021
840120990022
840120992005
840121010005
840121012001
840121030004
840121030018
840121030023
840121030028
840121035002
840121035003
840121056005
840121071008
840121110013
840121130015
840121150013
840121151005
840121151006
840121152002
840121171002
840121275002
840121290001
840130210012
840130510021
840130511002
840130590002
840130670003
840130690002
840130850001
840130890002
840130890003
840130950007
840130970004
840131150003
840131210055
840131210056
840131270006
840131350002
840131390003
840131510002
840131530001
840131850003
840132130003
840132150008
840132150012
840132319991
840132450091
840132470001
840132950004
840133030001
840150010005
840150011006
840150011012
840150012016
840150012021
840150012023
840150013027
840150013034
840150031001
840150031004
840150090006
840150090025
840160010017
840160050004
840160050015
840160050020
840160090010
840160130004
840160150001
840160150002
840160170006
840160190011
840160210002
840160230101
840160270010
840160290031
840160490002
840160499991
840160550015
840160570005
840160590004
840160790017
840160830007
840160850002
840170010007
840170190006
840170190007
840170191001
840170199991
840170230001
840170310001
840170310022
840170310032
840170310052
840170310057
840170310076
840170310119
840170311003
840170311016
840170311601
840170313103
840170313301
840170314002
840170314007
840170314201
840170316005
840170317002
840170434002
840170436001
840170491001
840170650002
840170859991
840170890007
840170971007
840171110001
840171132003
840171150013
840171170002
840171190024
840171190120
840171190122
840171191007
840171193007
840171430024
840171430037
840171431001
840171570001
840171613002
840171670012
840171670014
840171971002
840171971011
840172010118
840172012001
840180030015
840180050007
840180050008
840180110001
840180130001
840180150002
840180190008
840180190010
840180350006
840180350010
840180390007
840180390008
840180430008
840180550001
840180570006
840180570007
840180630004
840180670004
840180839991
840180890022
840180890036
840180910005
840180910010
840180910011
840180950011
840180970050
840180970057
840180970081
840181050003
840181230009
840181270023
840181270026
840181290003
840181410015
840181410016
840181450001
840181470011
840181570008
840181630013
840181630021
840181630022
840181630024
840181670018
840181699991
840181730008
840181730011
840181830003
840190130009
840190170011
840190450019
840190850007
840191032001
840191130033
840191130040
840191370002
840191390019
840191390020
840191471002
840191530030
840191531579
840191535885
840191630014
840191630017
840191770006
840191870013
840191930022
840200459991
840200570002
840200910010
840201030003
840201330003
840201730010
840201770013
840201810003
840201910002
840201950001
840202090021
840210130002
840210150008
840210190017
840210290006
840210373002
840210430500
840210590015
840210610501
840210670012
840210890007
840210910012
840210930007
840211011011
840211110051
840211110067
840211110075
840211110080
840211111041
840211130001
840211390003
840211451027
840211759991
840211850004
840211930003
840211950002
840211990003
840212130004
840212270009
840212299991
840220050004
840220150008
840220170001
840220190002
840220190008
840220190009
840220330003
840220330009
840220330013
840220470009
840220470012
840220511001
840220550007
840220570004
840220630002
840220710012
840220710021
840220730004
840220770001
840220870007
840220930002
840220950002
840221030002
840221210001
840230010011
840230010014
840230030014
840230031008
840230031011
840230050015
840230052003
840230090103
840230110016
840230130004
840230172011
840230173002
840230190017
840230194008
840230230007
840230290021
840230310040
840240031004
840240050009
840240051007
840240053001
840240090011
840240112445
840240130001
840240150003
840240170010
840240190004
840240199991
840240210037
840240230002
840240251001
840240259001
840240270006
840240290002
840240313001
840240330030
840240338003
840240339991
840240396431
840245105253
840250010002
840250036001
840250051004
840250051006
840250070001
840250092006
840250095006
840250112005
840250130008
840250130018
840250154002
840250170009
840250170010
840250213003
840250230005
840250250002
840250250042
840250250044
840250250045
840250251004
840250270015
840250270023
840250270024
840260050003
840260170014
840260210014
840260650018
840260770008
840260810020
840260810023
840260910007
840260990009
840261010922
840261130001
840261210039
840261250001
840261390005
840261470005
840261530001
840261579991
840261610008
840261619991
840261630001
840261630015
840261630033
840261630093
840261630097
840261630098
840261630099
840261630100
840261630101
840270031001
840270031002
840270052013
840270072304
840270135510
840270177417
840270317810
840270353204
840270370470
840270370480
840270495302
840270530909
840270530910
840270530954
840270530962
840270530963
840270531904
840270750005
840270834210
840270953051
840271095008
840271230868
840271230871
840271370034
840271377001
840271377550
840271377554
840271390505
840271453052
840271636016
840271713201
840280110002
840280330002
840280350004
840280450003
840280470008
840280490020
840280490021
840280750003
840280810005
840281619991
840290030001
840290190011
840290210005
840290370003
840290390001
840290470003
840290470005
840290470006
840290490001
840290770036
840290770042
840290930034
840290950018
840290950034
840290950043
840290970003
840290970004
840290990019
840290990027
840291130004
840291370001
840291570001
840291831002
840291831004
840291860005
840291890005
840291890014
840291890016
840291893001
840295100007
840295100085
840295100093
840300010003
840300270006
840300290047
840300298001
840300410002
840300490004
840300630024
840300630037
840300630038
840300810007
840300890007
840300930005
840301110066
840301110087
840310550019
840310550052
840310550053
840310550056
840310670005
840311079992
840311090016
840311090022
840311530007
840311570004
840311770002
840320010002
840320030024
840320030025
840320030043
840320030044
840320030071
840320030073
840320030075
840320030298
840320030299
840320030561
840320030602
840320031019
840320031501
840320031502
840320032003
840320037771
840320037772
840320070005
840320190006
840320230011
840320230013
840320230014
840320230015
840320310031
840320311005
840320311007
840320311026
840320312002
840320312009
840325100020
840330012007
840330012008
840330050007
840330074002
840330090010
840330099991
840330111011
840330115001
840330131006
840330131007
840330150014
840340010006
840340011006
840340030006
840340030010
840340070010
840340071001
840340071007
840340110007
840340150002
840340170006
840340170008
840340171002
840340171003
840340190001
840340210005
840340210008
840340219991
840340230011
840340250005
840340273001
840340290006
840340292002
840340310005
840340390004
840340410007
840350010023
840350010026
840350010029
840350011012
840350011013
840350012022
840350130008
840350130016
840350130019
840350130020
840350130021
840350130022
840350130023
840350130024
840350130025
840350150010
840350151005
840350250008
840350290003
840350431001
840350450009
840350450020
840350451005
840350490021
840350550005
840360010005
840360010012
840360050080
840360050110
840360050112
840360050133
840360130006
840360270007
840360290002
840360290005
840360310003
840360410005
840360450002
840360470052
840360470118
840360550015
840360551007
840360610115
840360610135
840360631006
840360652001
840360671015
840360710002
840360750003
840360790005
840360810120
840360810124
840360850055
840360850111
840360870005
840360910004
840361010003
840361030002
840361030004
840361030009
840361030044
840361099991
840361173001
840361192004
840370030005
840370110002
840370130151
840370210030
840370210034
840370270003
840370319991
840370330001
840370350004
840370510009
840370510011
840370570002
840370670030
840370671008
840370750001
840370770001
840370810013
840370870008
840371010002
840371070004
840371139991
840371170001
840371190041
840371190045
840371190046
840371190047
840371190048
840371190050
840371210004
840371230001
840371239991
840371290002
840371310003
840371450003
840371470006
840371570099
840371590021
840371730002
840371830014
840371830021
840380070002
840380130004
840380150003
840380250004
840380530002
840380570004
840380650002
840381010003
840390030009
840390071001
840390090003
840390170015
840390170018
840390170019
840390170020
840390170021
840390170022
840390170023
840390179991
840390230001
840390230003
840390250022
840390271002
840390350038
840390350045
840390350060
840390350064
840390350065
840390350073
840390410002
840390490029
840390490034
840390490038
840390490081
840390530006
840390570006
840390610006
840390610010
840390610014
840390610040
840390610042
840390610048
840390630005
840390810017
840390830003
840390870011
840390870012
840390890005
840390890008
840390930018
840390950024
840390950027
840390950035
840390970007
840390990015
840391030004
840391090005
840391130037
840391130038
840391219991
840391331001
840391351001
840391450013
840391450015
840391510016
840391510017
840391510020
840391510022
840391514005
840391530017
840391550011
840391550013
840391550014
840391650007
840391670004
840391670011
840391730003
840400019009
840400170101
840400190297
840400270049
840400310651
840400370144
840400430860
840400470555
840400750711
840400850300
840400871074
840400979014
840401090096
840401090097
840401091037
840401130226
840401210415
840401359021
840401430174
840401430175
840401430178
840401430235
840401431127
840410030014
840410050011
840410090004
840410110003
840410111036
840410130100
840410150002
840410170004
840410170115
840410170116
840410170117
840410170123
840410171001
840410172002
840410190005
840410190006
840410230002
840410250003
840410270001
840410290019
840410290029
840410290201
840410290203
840410310007
840410330036
840410330114
840410350004
840410352040
840410370001
840410390059
840410390060
840410390100
840410390101
840410391007
840410391009
840410391013
840410392013
840410399004
840410410004
840410430009
840410430104
840410432003
840410450001
840410470007
840410470022
840410470023
840410470041
840410510003
840410510031
840410510032
840410510033
840410510034
840410510039
840410510080
840410530004
840410570002
840410591003
840410610120
840410610123
840410630001
840410670004
840410670006
840410670111
840410711003
840420030002
840420030008
840420030067
840420031008
840420031301
840420031376
840420033007
840420050001
840420070005
840420070008
840420070014
840420110006
840420110011
840420130801
840420150011
840420170012
840420210011
840420270100
840420279991
840420290100
840420410101
840420430401
840420431100
840420450002
840420450109
840420479991
840420490003
840420510524
840420550001
840420590002
840420630004
840420690101
840420692006
840420710007
840420710012
840420750101
840420770004
840420810100
840420810419
840420850100
840420859991
840420890002
840420910013
840420950025
840421010004
840421010024
840421010048
840421010055
840421010075
840421010076
840421119991
840421174000
840421250005
840421255001
840421255200
840421290008
840421310010
840421330008
840421330011
840440030002
840440070022
840440070026
840440070040
840440090007
840440090008
840450070006
840450151002
840450190003
840450190020
840450190046
840450250001
840450310003
840450370001
840450410003
840450450015
840450510008
840450790007
840450790021
840450790022
840450791001
840450830009
840450830011
840450910008
840460110003
840460130004
840460270001
840460290002
840460330132
840460650003
840460710001
840460930001
840461030020
840470010101
840470090011
840470090101
840470090102
840470259991
840470370011
840470370023
840470370026
840470419991
840470450004
840470651011
840470654002
840470654003
840470890002
840470930021
840470931013
840470931017
840470931020
840470990003
840471050109
840471071002
840471192007
840471252001
840471410005
840471450004
840471550101
840471550102
840471570075
840471631007
840471632002
840471632003
840471636001
840471636002
840471636003
840471636004
840471650007
840471870106
840471890103
840480131090
840480211612
840480211613
840480271045
840480271047
840480290032
840480290052
840480290677
840480291069
840480291087
840480371031
840480391004
840480391016
840480411086
840480430101
840480551604
840480611023
840480611098
840480612004
840480850005
840481130075
840481130087
840481131096
840481210034
840481211032
840481351014
840481391044
840481410029
840481410044
840481410055
840481410057
840481410058
840481411021
840481671034
840481830001
840482010024
840482010026
840482010029
840482010046
840482010047
840482010051
840482010055
840482010058
840482010062
840482010066
840482010416
840482010417
840482011015
840482011034
840482011035
840482011039
840482011050
840482011052
840482030002
840482090614
840482091630
840482091633
840482091675
840482150043
840482151046
840482210001
840482450009
840482450011
840482450021
840482450101
840482450102
840482451035
840482510003
840482570005
840483091037
840483230004
840483390078
840483491051
840483550025
840483550026
840483550032
840483550034
840483611001
840483611100
840483670081
840483739991
840483819991
840483970001
840484390075
840484391002
840484391006
840484391053
840484392003
840484393009
840484393011
840484530014
840484530020
840484530021
840484531068
840484690003
840484790016
840484911629
840490030005
840490050007
840490110004
840490130002
840490137011
840490190007
840490352005
840490353006
840490353010
840490353013
840490353014
840490353015
840490353016
840490353018
840490354002
840490370101
840490450004
840490471002
840490471004
840490472002
840490472003
840490477022
840490494001
840490495010
840490510001
840490530007
840490530130
840490571003
840500030004
840500070007
840500210002
840510030001
840510130020
840510360002
840510410004
840510590030
840510590031
840510610002
840510690010
840510719992
840510850003
840510870014
840510870015
840511071005
840511130003
840511479991
840511530009
840511611004
840511630003
840511650003
840511790001
840511970002
840516500008
840517100024
840517600025
840518000005
840518100008
840530010003
840530030004
840530050002
840530050004
840530070011
840530090015
840530110024
840530130002
840530150015
840530210002
840530230001
840530251002
840530251003
840530270011
840530272002
840530299999
840530330017
840530330024
840530330031
840530330047
840530330057
840530330069
840530330080
840530331011
840530350007
840530370002
840530410004
840530450007
840530470013
840530530012
840530530024
840530530029
840530570011
840530570015
840530579999
840530610020
840530630021
840530630054
840530639999
840530650005
840530710005
840530710006
840530730005
840530730019
840530750005
840530750006
840530770005
840530770009
840530770015
840540030003
840540110007
840540250003
840540290009
840540390020
840540511002
840540610003
840540690010
840540939991
840541071002
840550030010
840550090005
840550250041
840550250047
840550270001
840550350014
840550410007
840550430009
840550532002
840550590019
840550590025
840550730012
840550790010
840550790056
840550790068
840550812001
840550850996
840550870009
840550870015
840550890009
840551110007
840551199991
840551330027
840560010012
840560050123
840560051002
840560090010
840560130005
840560130006
840560130099
840560131003
840560210100
840560250100
840560290001
840560350100
840560350101
840560350700
840560351002
840560359991
840560370007
840560370300
840560390008
840560391006
840560391011
840560391013
840560430002
840800268012
840TT0010001
840TT0300001
840TT0328801
840TT1820003
840TT1820013
840TT5821016
840TT5951999
840TT5980500
840TT9209004
